-9.7923962737903969e-06
7.8477093468814138e-05
1.7006893141036572e-05
-3.5264552532662872e-05
-3.2641513590291682e-05
-1.1585319590808697e-05
1.6536610143020586e-05
7.5732697962573519e-05
8.0825599325918618e-05
0.00010945766418042787
0.17360749397976913
0.17348817775097694
0.17342068012606668
0.17351652512936491
0.17353706222911003
0.17356741596372949
0.17355374916135788
0.17352878666924437
0.17351912513735604
0.17355925338425901
0.19794096996196925
0.19804921061838615
0.19819556446792255
0.19794418978652692
0.19803334391706343
0.19801675260039869
0.198040260390625
0.19800926701415558
0.19793907939513564
0.19791322046156359
0.24381488546314481
0.2437967615438523
0.24385880078741295
0.24371492060454761
0.24376598636668145
0.24381339879041217
0.24391170087424
0.24373343162574498
0.24372407861786688
0.24380592674408458
0.22140934960032871
0.22149434335017848
0.22149018542392562
0.22136135531894122
0.22145037577534751
0.22168455927742614
0.22171285478535674
0.22126876447250049
0.22134019051923318
0.22122801474501463
-1.6858362067058891e-05
0.00010504409763449868
9.6259546352675925e-05
-0.00020118743132287815
-0.00010429357271703353
0.00016384403489180701
0.00017822143479279235
-0.00014317693726893473
-0.00011758958004150758
-0.00026824034082668712
0.00011274147144184793
2.7455422616934301e-05
5.6516631011602012e-05
-0.00019064682947072625
-0.00010115964451642707
0.00027239977941677954
0.00018265502360502784
-0.00021803298174867251
-0.00034548628735599175
-0.0003911803009307922
0.00015149224928943228
0.0001612987519342263
3.3203339033415044e-05
-5.3268431502459034e-05
-4.2747013297932162e-05
0.00013422006642190105
0.000120030963249691
-4.861677843101352e-05
-0.00024739512446649763
-0.00049958829317972575
-3.4354432213618042e-05
-0.00021533644659703729
-0.00019192077222389832
-8.0475781944561799e-05
9.0482309602208066e-05
0.00012764179361617842
-8.6089213294670902e-05
-0.00012052809547445169
-0.00021525845897411763
-0.00025098212677480291
5.3239394163303379e-05
-0.00012942929962548908
-8.3773121528300849e-05
-0.00011846092411869559
-1.6016372417476425e-05
1.8882008781965565e-06
-0.00011070322535365338
4.4656312278648524e-05
0.00015603219425865724
0.00013049730580281106
