0.0071910178418202481
-0.0026134675208092529
0.0012306563791606175
0.01850178383694168
-0.020935888323429838
0.015394946371355623
-0.025822738323813276
0.020742928088730558
-0.0062525766630012634
0.024684843133730525
0.16191727054682301
0.16674107189993417
0.20454645382877362
0.15043736666378857
0.16663865118970264
0.167697004377095
0.18349829380810825
0.16518739072006941
0.18786472299703683
0.15032276301737191
0.16109027095539333
0.24951672488337892
0.16367980035903323
0.20025961475025342
0.17397117767386355
0.18806375281791091
0.2032166255060216
0.20665996254136298
0.2102252108388323
0.15798282854976958
0.26932350904740748
0.22126531974248664
0.23040967844878052
0.26212877332479728
0.25216095404706146
0.24767121987442292
0.22826381270536489
0.27173511802957551
0.21355560355539899
0.27131882206951274
0.2057354581643995
0.21470895136450893
0.23590434230614968
0.205335829070177
0.23571557417585975
0.21228628724864751
0.23700901427783205
0.21807729985639079
0.22601095017080183
0.22098489037416011
-0.016289263387744602
0.024715942961494902
0.020238752160386477
-0.013474262250691257
0.012024025027732151
0.0062912703745786804
0.024745624304474904
0.0052626307570635047
-0.013450335491738437
0.0079851373646696189
0.020456892805561937
-0.014098271209687775
-0.011232510288762741
0.0045816422196193612
0.021176510031732546
0.01477107788960951
-0.017458033909785075
-0.026095021878033219
-0.0057876094562963739
0.029818454422808876
-0.0022621157124811555
-0.033595054445436937
-0.016893339921535803
0.028791076626355203
0.021191966563701176
-0.0199973882723792
0.024028087684600321
-0.012299807358618832
0.019461881871506402
0.0058371452995053981
0.0021046140731112526
-0.020961500191071642
-0.020315235856956552
0.0060946182071475027
-0.027888048332279751
0.043830664219579742
-0.044333546719718876
-0.024842140723371525
0.013575737887978527
-0.015915716329791409
0.0026416929172496744
-0.0012701713144157034
-0.0086228641905663778
0.0093224643264848053
-9.2869793832811261e-05
-0.0022714851629654456
0.010216220347974611
0.018417327790858012
0.00027196265749204214
-0.0034678447297866286
0.0037134902138850562
0.0093143589474048872
0.023443157539666207
0.015330049091686868
-0.032137439739039673
0.028377275126394364
-0.0023392909397581016
0.004262127103930563
0.01886682358858973
0.018570108709630401
0.17244722141950822
0.18627139516630525
0.1522500258709546
0.19921520188583608
0.15308202686629291
0.1661827353519103
0.15009024269478502
0.14625602083483391
0.1943780592764896
0.18347271753708785
0.20837021204994824
0.14311694418302787
0.19901772813992927
0.22786472172042699
0.16329420661922506
0.17204916933471023
0.21381213700303128
0.21343413250010021
0.2227270480795252
0.20042186548602084
0.18916560452248346
0.24030392872665832
0.24213633116570688
0.22290345916499971
0.24841091821785213
0.25891244639658528
0.26663145681762057
0.20700404456068791
0.22497659130343384
0.24143861899630106
0.20969027854962732
0.2680827630325916
0.17497072549048442
0.19793501509697603
0.22438196494608872
0.22361523446467552
0.21705858308182058
0.24904055885633708
0.23563071810711958
0.21818722941146401
-0.00090914108577787745
0.019281079068316585
0.0031887841406994357
0.012551281760115371
0.0064393901925701106
0.012655962337052806
0.015072503778641456
0.018303018519985916
0.021198514619973342
0.015699035083049866
-0.030705573877419533
0.0062390728512940769
0.023405866175319139
0.012732471236646824
0.0018450865579738975
-0.040445204601210247
-0.0020503663112834978
-0.01874430155999882
0.0092213798911188628
-0.014985224748516717
-0.043706313181044176
0.0028396279260360932
0.028061798817127233
-0.010578838217726583
-0.014762341255656326
-0.018991997145485717
-0.0052861133509978205
0.042892265608077622
0.032984433695071876
-0.043169385730080882
-0.033111136426488851
0.040526069540484544
-0.02018474664742231
-0.034482140430872638
-0.025239223479367228
0.0027238132968182304
0.02786321413180496
-0.029878204516958381
-0.051753346750357067
-0.0032410545557436713
0.021879362668397816
0.029007607222615597
-9.392705095960341e-05
-0.052738100324415046
0.0056506206589549907
-0.0042373038249143525
-0.0050685746347501615
0.0094520109860541258
0.01900075993257052
0.0057051888156878245
0.0088750365899838302
-0.0056606563670984333
0.012833304179988531
0.041259829162722264
-0.0085136468948564664
-0.0094452568753154807
0.032822523376380509
0.027058788923520191
0.0038015368688172793
0.035965953936005782
0.15686846638390778
0.16984754196109664
0.17780160549077001
0.16008979522030609
0.13916162544853036
0.17263817770716625
0.17974189695926149
0.16687079643719999
0.15190307505492634
0.20016323784180862
0.1840668059038903
0.15117267834945014
0.18706187468618224
0.21154781881653717
0.17032931833044782
0.21242992482564357
0.22333526518527827
0.16292188073000316
0.19490190181560721
0.21992558923937189
0.23184912264426941
0.227467064206786
0.24292428783978856
0.21705310263345307
0.21520808294490362
0.24689707257834095
0.23829669285017319
0.21314831712400334
0.20566294338026475
0.24546955084264779
0.23168156970871265
0.19972891288223349
0.22101728661826728
0.21223446970466581
0.17827011813455693
0.23011682048705898
0.22066237608486564
0.19823955216479761
0.2317786222670673
0.22109997786152955
0.03735075000883048
-0.021248388400469859
0.021081777438674763
0.023725028824645153
-0.0021945858839195684
-0.004231722256887633
0.032094833712525757
-0.013901852616874074
0.02546701809471905
0.039203297774677216
-0.035456012743668136
0.025056731985734063
-0.012714077206889983
-0.070311657341107073
0.0060783642099940301
0.033104340871331919
-0.033038106973773955
-0.012079267712142662
0.034915287214233266
-0.0066664544495703502
-0.011291699549509669
0.0034782382813299149
-0.023454432411032424
-0.020678517520993461
0.006362160603613067
-0.0071805606743097694
0.0035976647776425207
0.012747328877606439
-0.0064206141731019814
0.020331035598580318
-0.019587742241969422
-0.039299824804415802
0.0014013107696696815
-0.01894053631844124
-0.036160229787204512
-0.022617239006850191
-0.0056979212777528293
0.018021201626346243
0.0065317294204673328
-0.057958955267134696
-0.0081967474191434724
-0.0044427053783953289
-0.039283570420292506
0.015309321406023393
-0.016264272326876415
-0.053287433151049467
-0.0027071324664050692
-0.0014081527472514818
-0.02701013519528157
-0.0018688898318448984
0.036029405730363818
0.005804224342553772
0.017739768416309566
-0.011387047287962204
-0.0067359768369306709
0.035436265725110529
-0.030962185818127298
0.0059947227432833134
-0.002909548245567801
0.029034179562802142
0.17713059977271239
0.16395104964500221
0.1447505933101732
0.15690223793778857
0.16498489713166695
0.18236934877450095
0.18023894908687402
0.1789624691667287
0.17122027461632774
0.19225008269458416
0.20948687604862518
0.18184413390919102
0.17705045089938706
0.19131606195767406
0.18249669017209172
0.18139652922928082
0.20450954042000433
0.21698666747618897
0.21474509539004616
0.19951447386388527
0.20628007221212741
0.24623504338318089
0.25230032031700217
0.21486529903767629
0.19005836034759119
0.21843868277838938
0.25550626131319659
0.2672457254908141
0.24070333758677806
0.22090826680426345
0.18151229668330593
0.20102591106894629
0.22400107637435454
0.17749289036199262
0.20250797324932762
0.20426769812353346
0.1844986335050593
0.19956612999057141
0.22710475936359645
0.18155789177491424
0.013164897063026378
0.016047185160086942
-0.0069679533326926979
-0.010004617163057469
0.019811515431984478
-0.018196794121059113
0.012590420771680821
-0.013935175583325358
-0.012550688728772725
0.021388981186618965
-0.0077080253148237021
-0.01059412799831627
-0.01846418354785704
-0.0014566986147336077
-0.0029033717392781969
0.0034503902598982386
0.029250347029981118
-0.013991698618493944
-0.019927940526508429
0.0325350268115066
0.030702299990705922
-0.021330356610135777
-0.026118875980169088
-0.0019314706216795154
-0.027001055131576683
0.0010171126423002101
0.020320094907495454
-0.030954335817369425
-0.0093949187738611769
0.03493326277299736
0.014539410919708347
-0.017792475532919808
-0.0057977631420793995
-0.012517089791345542
-0.04134953115056892
-0.0056732026558301918
0.023232289084061889
-0.0063362036457104724
-0.014331652155289294
-0.0088351428737145511
-0.012246590855273382
-0.032637096069060408
-0.02813870362014588
-0.011489868531979327
-0.030197932586946169
-0.02285333200296305
-0.03295642440034395
-0.014365984213924453
-0.018306886736715485
-0.049769480560187492
-0.032190784656908708
0.036489035866723835
-0.017919571593715013
-0.0069255787343056926
-0.0094762449723104145
0.0089870820812481076
-0.0018323458419962711
-0.013161792810869351
-0.013279326964591675
0.039529983906864324
0.14462079018881435
0.16346847843154075
0.16645179796603329
0.17435982804347824
0.16083026749130339
0.17463349959623234
0.19581085883458435
0.17366038426900537
0.16436632957850275
0.20377346582338304
0.1868429807972308
0.18471317001991089
0.2001230873378668
0.17139252335415955
0.20706743006483616
0.20597473121895077
0.18476986123884589
0.19998697987537539
0.17074542832550132
0.21520744961033464
0.27578525735096798
0.24232926351541015
0.21813096182285435
0.23876660160075172
0.23140559968275978
0.21991216039892902
0.25082217924346611
0.25094250964370757
0.2457945148864491
0.24392662586927583
0.20060728584021204
0.19235657499074488
0.20446414378365613
0.2016285399962823
0.19916549802690317
0.19408148329471034
0.20645769140709244
0.19716344733961844
0.22074979281738666
0.16033395958880875
-0.041090368063569416
0.0018979102845214392
0.01043813838650734
-0.022163665316825905
-0.0048125570157841269
0.0067016223854382759
0.0084615085307884925
-0.01837149255137964
-0.030436377211118401
0.030497056407566375
0.010551881399682982
-0.032622781951006312
-0.0069500726104602542
0.011477417418198584
0.0019801766812394409
-0.0012783458056179933
-0.0063843784015252944
0.0065373326571269187
0.025016422765245835
-0.027289875806632408
-0.030134617266654264
0.030914843679332272
0.011343861751649493
-0.025092182204974098
-0.0030634704005364066
0.012414457212050206
-0.015145548919703431
0.0028873965662181544
0.013530843231908415
-0.015862479415048127
0.016867560093382306
0.015210181017067689
-0.021058011550204779
-0.0074891150451905997
-0.0038867518742170086
-0.011365971875913285
-0.0024030627856991686
0.0096533201379046547
-0.0062249434223021899
-0.0087786178802886534
0.0012148435782675657
-0.012408762519367055
-0.023260846931574857
-0.024259459571061775
0.0066906391484700791
0.0033272690309796597
-0.038278604153462403
-0.0050050848202089736
-0.0013720703809265294
-0.046908480864498961
