0.22834589995709384
0.22708799431971316
0.2179632790907092
0.24558107193527648
0.19334388571752406
0.25896616703937225
0.17111738276323871
0.26380724586101978
0.18992124051068404
0.23065314822206415
0.24627923044268918
0.17338917352697161
0.28046628779243071
0.17033066693610668
0.24376628814412071
0.23112322925654527
0.25242877651809881
0.20265805151291241
0.1969428693878929
0.26007406117118625
0.12471717012688095
0.29942447377110198
0.17889438735914037
0.23981560019361048
0.18527153748525915
0.1852715346617996
0.23981559688585202
0.17889436852481741
0.29942447519070198
0.1247171880455288
0.26007397553807693
0.19694286203469799
0.20265800662723296
0.25242876702719735
0.23112322470836749
0.24376626740651028
0.17033060134786604
0.28046626114666962
0.17338915228467286
0.246279209592659
0.23065310995065214
0.18992119375951158
0.2638071882235975
0.17111738962423859
0.25896607621560347
0.19334387422461655
0.24558101660804491
0.21796327245209363
0.22708798935403818
0.22834586875356175
0.21399454226212827
0.22551156637166728
0.25275412957595261
0.21347758209049414
0.22145250702798172
0.22705127676032294
0.20975880362506355
0.25198072707384572
0.18736121644792009
0.23647896278929001
0.22533343433509048
0.21531670602458836
0.17144987917260665
0.19250471060413712
0.30297633391427453
0.21943933837536456
0.21852689990529969
0.19351944084707998
0.16783242376565452
0.25319352976808512
0.21130507031853227
0.23626897842116479
0.16887128138673577
0.28922678230159266
0.21097758977426131
0.21097762651212687
0.28922676564569
0.16887127181181794
0.23626888287437373
0.21130508595763861
0.25319359124706298
0.16783238549294341
0.19351944654797112
0.21852687056139206
0.21943938073502123
0.30297629989476116
0.19250473183705613
0.17144987143522458
0.21531673331034859
0.22533342885196792
0.23647898725117891
0.18736118949734137
0.25198072633352359
0.20975888006012874
0.22705130643151647
0.22145255214384907
0.21347753872903374
0.25275414965760873
0.22551155479771445
0.2139945418823016
0.2321999383766653
0.2347431720451299
0.24277439048395563
0.2157262020803063
0.21042622708832506
0.23860113123699689
0.18449786890463965
0.1698521075386929
0.29418100468260538
0.19899790532179068
0.19515901704692379
0.20757616095016865
0.19403753335341153
0.28735700451449436
0.2279602457654949
0.2706120275128408
0.17535775215086205
0.20642418066469248
0.2288487206488817
0.14647320337328404
0.2592686052511507
0.18538867257166999
0.25768356744228732
0.27686088818103427
0.13236634052744892
0.132366327511792
0.27686092500343373
0.25768363931533905
0.18538853916939496
0.25926862080050517
0.14647329738399248
0.22884864248963263
0.20642423294011644
0.17535771595658747
0.27061203238278836
0.22796032633694724
0.28735698372232088
0.19403750820572596
0.2075762552818117
0.19515901284111745
0.19899794016443029
0.29418094128705879
0.16985210886977903
0.18449791854939038
0.23860113463413227
0.21042632638742398
0.21572614190204853
0.24277442604284422
0.2347431962404711
0.23219991648665109
0.24414875708716444
0.21881508240382144
0.21695614633656948
0.22983936905085744
0.20212814023841269
0.25137318406123665
0.17025948766093324
0.20595088314728013
0.2449664895103667
0.23973884749781404
0.19292459984888585
0.15407782763678138
0.22978733012476732
0.28518239880687696
0.26542400705589603
0.2042914351791679
0.20965185307517253
0.17957583133804017
0.26593365815828135
0.17110052795260364
0.13039879686178335
0.2826805100691554
0.29472896666679183
0.20322900024969015
0.13919438413816237
0.13919439404050984
0.20322896814621733
0.29472898989546131
0.28268042108688723
0.13039885710630367
0.17110042925164787
0.26593368248503929
0.17957582863391042
0.20965190703831901
0.20429141595103395
0.26542395545688102
0.28518241981271109
0.22978732456515327
0.15407782908227685
0.19292465152287891
0.23973882062958393
0.24496647762403054
0.20595085964554322
0.17025952276244002
0.25137317170031809
0.20212821503823744
0.22983934345863336
0.21695617152305402
0.218815079108718
0.24414877384504402
0.22460040370945356
0.20682379466891687
0.1843566671986325
0.22448487577269297
0.23266205729096864
0.18658660382942557
0.21132119045414707
0.20471790697500653
0.17011190343555932
0.19900909690497706
0.23274904741707486
0.1890710908343429
0.22203404793446357
0.22563415372469525
0.24332265404343506
0.25614092224039015
0.19709720710101855
0.16105636331333112
0.18437041898702886
0.25419480212553769
0.21652659933467719
0.16896466208804448
0.19903265862671637
0.26001626462655292
0.18641337002385994
0.18641337343997466
0.26001624751358049
0.1990327269175656
0.16896458353622934
0.21652660957296097
0.25419469765201441
0.18437043189287072
0.16105641018923489
0.19709715393137817
0.2561409945492677
0.24332267005967975
0.22563407811843339
0.22203404934141499
0.18907111242215952
0.2327489942876424
0.19900914623223687
0.17011187837241212
0.20471790354381367
0.21132121929498568
0.18658664179507439
0.23266206163793995
0.22448492378018092
0.18435660416185484
0.20682386313651852
0.22460038893958806
0.21617896828562203
0.18749342984323261
0.21823824280210713
0.21181931376009527
0.15519696725208557
0.18378530154816536
0.2524014612801449
0.16231594531865787
0.21212272189917022
0.18043497072917888
0.12453031693431124
0.30423375524653373
0.23813226142118299
0.15770044964988972
0.25910939325699234
0.24956571955732196
0.18000425400684125
0.21222568190786503
0.20623318585023304
0.1994897018874221
0.22058990003005888
0.21618478959439846
0.21296560402325054
0.17783993062570191
0.24523159135151071
0.24523163953919275
0.17783992657319253
0.21296562301238328
0.21618480087933559
0.22058983409865904
0.19948968944354217
0.20623314264719875
0.21222570056201656
0.18000423613043035
0.24956574572159937
0.25910940218279183
0.15770041868720452
0.2381322580225714
0.30423370074442818
0.12453035432544127
0.18043495702925827
0.21212272731604415
0.16231592791820681
0.25240147172843724
0.18378530617992542
0.15519699155983979
0.21181932412372453
0.21823826130749832
0.18749341857388718
0.2161789802116853
0.18125244966694357
0.20572869454185733
0.20933960739213758
0.17821657659667647
0.14679126203915285
0.20471119683928476
0.14141175607064249
0.231229498526202
0.20794068220575526
0.13461286387416016
0.23024783497383433
0.22846103119685557
0.22915820959700234
0.26558951398562675
0.21863281948188165
0.15751559604794127
0.18787186947388013
0.23525223952998667
0.23841188919756157
0.21070067282510765
0.21586955682917983
0.19105151125784478
0.18892352052692274
0.24782496732341691
0.21238541916396478
0.21238543827336412
0.24782494800288421
0.18892354028726749
0.19105152730587971
0.21586949189480589
0.2107007200505378
0.23841181889673088
0.23525223518799615
0.18787187142772738
0.15751556472679298
0.21863285004060504
0.26558949597282933
0.22915823006412808
0.22846104146154489
0.23024779998699429
0.1346129183729346
0.20794064723957767
0.23122946386790597
0.14141176395167893
0.20471116068134226
0.14679126582499769
0.17821666647128567
0.20933954433033558
0.20572871567581769
0.18125247607995162
0.12847556519084524
0.22143507024192405
0.22018520653715951
0.12627320701319097
0.18824961597561887
0.15968563467048805
0.21002433864247005
0.1912868076695057
0.14397932896391816
0.24038678520299608
0.2304954608673952
0.18595321977191334
0.22975086112649776
0.27636367458069394
0.21762951861670563
0.16411781909725712
0.19812070473201576
0.2074552243959599
0.20323255829385026
0.28000827575802234
0.26444602466459199
0.15039897805157787
0.15989754692422606
0.25063646443091819
0.23862301352726525
0.23862304496727446
0.25063645879834173
0.15989750038588033
0.15039897628832258
0.26444600225137899
0.28000829287250228
0.20323257252106844
0.20745518165690163
0.19812068236384589
0.16411785322522665
0.21762946230235877
0.27636369519724813
0.22975086982374057
0.18595322760845293
0.23049550255821555
0.24038673329981203
0.14397936308703563
0.19128676349335944
0.21002434023227304
0.15968564677510685
0.18824958109933115
0.12627322946959724
0.22018520185571991
0.22143508363742329
0.12847555537596517
0.082470024095815081
0.26787949146127515
0.16733343113530236
0.18805933497022109
0.17798141382114785
0.18165321268723708
0.20808935012337934
0.21646629720768651
0.17949424392767516
0.18468432592490872
0.25440668052100684
0.19564493131047223
0.22153994984148395
0.26855708151287583
0.18064413595681342
0.18808441874997334
0.22930837304335655
0.17743906359768227
0.21330444942981097
0.29793083605501275
0.22805267902495144
0.1837688785713264
0.20910151800734292
0.19064286866224642
0.25678098200458838
0.25678095309887827
0.19064284190487796
0.20910154017009799
0.18376889345633599
0.22805266641965527
0.29793082782550606
0.21330446023128466
0.17743905352530928
0.22930834379433571
0.1880844355772027
0.18064412440951583
0.26855704658802942
0.22153997784012158
0.19564495213238517
0.25440669473085259
0.18468433578066354
0.17949422553878763
0.21646633500027873
0.20808933000017191
0.18165320490310605
0.17798140258266457
0.18805933233509001
0.16733342869716344
0.26787950733236865
0.082470005707872038
0.10924299803848145
0.24464215759067931
0.23299339154922988
0.14697757186658747
0.19351593855702298
0.25033286997669463
0.22228865989263072
0.1755810658396903
0.21071318852455997
0.26381483602173877
0.17674311629258022
0.16865421994755378
0.26160646327716197
0.23538596154989194
0.19969075451346971
0.21496802245531796
0.20597188984638087
0.20892085809070912
0.26671222985137588
0.19791150617454764
0.17922455036528756
0.27561097855550448
0.23021817910872916
0.17536355066559564
0.24311493328800599
0.24311487120725384
0.17536356225177691
0.23021814790367057
0.27561103491869532
0.17922446714238416
0.1979115201599731
0.26671226461891284
0.20892083642012851
0.20597189037912153
0.21496803280329524
0.19969074699150358
0.23538595059231948
0.26160651060393597
0.16865416198008348
0.17674311588698358
0.26381487134178616
0.21071322769956816
0.17558099657591231
0.22228868229977719
0.25033286792020065
0.19351595488144499
0.14697757367062891
0.23299336612403584
0.24464215844888981
0.10924299540291325
