-0.0049354881213736577
0.017270050909004964
0.00036046650877590578
-0.0077436279617966322
-0.0022574252209746327
0.00041198673164787405
0.011984904244956711
0.012899566852631539
-0.011305259392366606
0.025975204485726971
0.14317112704564042
0.19396935470941945
0.15727530231879738
0.16197624676405126
0.18666425507216183
0.16552034156491258
0.15757791638923146
0.17525239483317773
0.17122730356140689
0.17652441398661745
0.19770208660674535
0.19307975317138934
0.19175164764607514
0.20362757105105414
0.19643998121376569
0.19166294404149828
0.20203196964610079
0.19652298933218545
0.19185715654690585
0.21369378117026877
0.23313862579221425
0.24182778085658058
0.24940591470155501
0.24243952155917964
0.23309180147201666
0.24453878448050914
0.25331591554259997
0.24319301230704185
0.23858530259301036
0.23781666133082377
0.22387784944460604
0.2142194026659181
0.22104094860849555
0.2260577363155703
0.22149831165615438
0.21794825036836618
0.2164651362697872
0.21424088578425754
0.21838337314467227
0.21330948414489623
-0.006626480259213874
-0.0087613565518815401
-0.0033305285866945394
0.002921894171739799
0.0061676960436970697
0.0045685432233459481
0.0030094053324740346
0.0075285977011068702
0.0066161567373167413
-0.0092551527729899316
-0.018879451770669263
-0.0037851766464121143
0.013669892742897424
0.0085279493506475249
-0.0038979354508562707
-0.0023522835715557165
0.0015287012991012858
-0.0071966666948057303
-0.014846235370442903
-0.005424935708466274
0.010778187084489943
0.01498076890904672
0.0059275826051970069
-0.002664557045991397
-0.0027190720902977999
-0.0024958163303488482
-0.0086258080918741702
-0.0079177967653800627
0.0077074694854420474
0.017816752629667958
0.0089032192190996399
-7.7589965694287291e-05
0.0013820569334164164
-0.001946755330936282
-0.0094254364870492106
-0.002992297211146916
0.011589945764621835
0.014631875599935305
0.0076469737753049544
0.00071039126946949587
-0.0060103215512059939
-0.0090671276675739852
-0.0030772723747198236
0.0037124270888343638
0.0027652129916514866
0.00056738597395504325
0.0020656330801076431
0.0011735023647080262
-0.0030697356329297495
-0.0052852189517020014
0.0008694871435832235
-0.0015078006428335593
0.0010481608756744416
-0.0034490433494301538
-0.0075402844073284205
-0.0024840544002599253
0.0032214096052576528
0.0016835220098452607
0.00060718176393586296
0.0051758939573748105
0.0067314508397325083
0.00065044703785772462
-0.0039364446724753565
-0.0012369140566511482
0.0020972619485576569
0.0012330450447157568
0.001008399445463879
0.003368429847405428
0.0014849112196016747
-0.0061752073633706906
-0.0099129704416547303
-0.0042974578243510763
0.0027547279762459502
0.0041114974076936145
0.0037603664593162012
0.0048121233449331599
0.0015792961440981876
-0.0074020275257033682
-0.01196474641369184
-0.0068383221067641869
-0.0013193830412824444
-0.0023899280604083748
-0.0024338260858232292
0.0043258186287175766
0.0079451440159231321
0.002159742998518076
-0.0022937989853208814
8.2654514535518208e-05
-0.001726863642147788
-0.0091705184148209735
-0.0077608704645999414
0.003012391762359597
0.0068599582125407751
0.0025984661729681825
0.0019580774887930498
0.0022921885643892048
-0.0040139031505473126
-0.0083512231848743533
-0.0015278272892756
0.012392051853640049
-0.012737660456079542
7.9595811178804492e-05
0.0053090213206768259
0.0046532827087400449
0.0058731713863434606
0.0052428608028914957
-0.0017001533832292563
-0.0082015802130460582
-0.0068973819125198602
-0.0021094117468824212
-0.00079917657207092727
-0.0003768227041885205
0.0045766762785586362
0.0099986372859535207
0.0069860105398901516
-0.0034899676674674859
-0.0099314492837865691
-0.0064411382570267626
-0.00035534483719098348
0.00050044620272982412
-0.0010361224562203603
0.0021558185507793925
0.0079153580111360547
0.0068762373351390479
-0.0014370896899091763
-0.0059730826993635768
-0.0014743920348368497
0.0030540242791308545
7.4779180911654374e-05
-0.0042157816154924531
-0.0021167802388133367
0.0015078850713624251
-0.00071091363612013126
-0.004117838032444145
-0.001622274262725771
0.0021052511211942433
0.00049056003750300712
-0.0010352869055094147
0.0018572175832661018
0.0023841290239473715
-0.0030490471125543253
-0.0065175423248916382
-0.0026836412993230612
0.0014632478242334222
0.0017858035817983301
0.0040674848175963011
0.0076075049911493078
0.0042501754308546993
-0.0034481775039688794
-0.0058648480295673084
-0.0016050452997038631
0.001511786125225195
0.0016781708042206793
0.0047216325695802171
0.0062780158836388848
0.0010372186056704191
-0.0063654263582233247
-0.007428973224625008
-0.0019952429757997079
0.0017767912029802368
6.8952606514420162e-05
-0.0016766542942860221
0.0018948548814055352
0.0071107036932816087
0.0061313479055944437
-0.0014481927770474876
-0.0072730879451044974
-0.0052743018110509394
-3.884426694025882e-05
0.00042213685614293089
-0.0027205981070016301
-0.0015352606959420595
0.0054242776691979973
0.01000540206177937
0.0061152815549188073
-0.0013463996127375661
-0.0042815141609229045
-0.0033022489693594046
-0.0051048727996447123
-0.0093873898652457096
-0.0075746407810301543
0.0025704440583641051
0.011299191982483662
0.01072805759611067
0.0055345556441243806
0.0022537523662833543
-0.00089831417401147406
-0.006229300581893478
-0.0072962498448730364
-0.0015214129439814806
0.001886703778739459
-0.0030358758583220007
-0.0062409850796628042
0.0014683917593226361
0.010902270426772364
0.0095082697467660359
0.00050969157912932994
-0.0051645803502850746
-0.0059821685934023545
-0.0062227483006732859
