-0.00017561916881410518
-3.38371820824098e-05
-5.9488703049210981e-05
-1.2209410022430103e-06
8.0349792705323731e-05
8.0357622158457555e-05
-1.2289470899133804e-06
-5.9549776541258388e-05
-3.3813038741263381e-05
-0.00017560589921256125
0.17359040114487451
0.17346014819817385
0.17352174030944137
0.17347489476998396
0.17352988303523387
0.17352989338984079
0.17347489712000772
0.17352176103863817
0.17346013098274937
0.17359038905872343
0.1980795101477878
0.1980078854177868
0.19811938240020341
0.19772160784111142
0.19823170420438979
0.19823170621529995
0.19772160998346017
0.19811938848283758
0.19800789024331084
0.19807951347124469
0.24401835277478026
0.24393750588816776
0.24371869122844
0.24343905881928316
0.24403143585427256
0.24403143660873833
0.2434390580550134
0.24371868631754171
0.24393750105838458
0.24401835877494432
0.22147913250880599
0.22153617850641646
0.22119155485839004
0.22129194781312228
0.22187239819249061
0.22187240698997268
0.22129195005691685
0.22119155558986386
0.22153617850356155
0.22147913517310269
-0.00011419995722004698
8.2576277889547003e-05
8.2578339922324048e-05
-0.00033215443499398699
0.00037292128917939979
0.00037292246659401254
-0.0003321507220511897
8.2579180729817149e-05
8.2576484215429882e-05
-0.00011420116852425962
0.00024062123450093511
7.2097644765344113e-05
-4.9802025077277991e-05
-4.0828400298976674e-05
0.00031837286534326821
0.00031837821354353953
-4.0822342280122454e-05
-4.9806694209928086e-05
7.2099209526701506e-05
0.00024062303739498596
0.00031028252936604307
0.00012690442150813038
7.4679324093794398e-05
0.00028823327839294432
-0.00016268658716572278
-0.00016267988310499152
0.0002882373944990549
7.4685171659374236e-05
0.00012690443824788788
0.00031028192360597299
0.00031616523468110255
-0.00042032474033629392
0.00030934218203456862
9.3382119600796695e-05
-0.00020694376856336471
-0.00020694079700750209
9.3386270289062037e-05
0.00030934543632517427
-0.00042032961665897664
0.00031616545714443118
0.00041312104066898339
-0.00068618236481538875
-0.00040444041451273083
9.1943363425149604e-05
-0.00010211992007562695
-0.00010211862875066834
9.194482710842999e-05
-0.00040443828450944532
-0.00068618423247967511
0.00041311853345514158
