-4.2720691859953684e-05
-8.202455139477607e-06
8.7020209552321259e-05
2.6667918018142983e-05
-4.3162488774039828e-05
-4.315879689776522e-05
2.668000124721397e-05
8.7032643983694336e-05
-8.1891035052358754e-06
-4.2714716514799259e-05
0.17354036633967682
0.1734410439551626
0.17361388287746299
0.1735623879506269
0.17360523395444805
0.17360523393531582
0.17356238513660333
0.17361387758575045
0.17344104074763605
0.17354036505678078
0.19816071726363782
0.19797302773023048
0.19793460218925424
0.19797321581133581
0.19801159085858244
0.19801158875651023
0.19797321436785892
0.19793460072486296
0.19797302664534683
0.19816071609533201
0.24389688424051204
0.2439149977525181
0.24396941613371637
0.24383743602264521
0.24388679212970932
0.24388679179450609
0.24383743489356169
0.24396941586427975
0.24391499794360869
0.24389688489867128
0.22164412698704758
0.22143681345532826
0.2213569964119958
0.22157048240384014
0.22129283074507708
0.2212928282223362
0.22157048046010547
0.22135699512683751
0.22143681386787381
0.22164412687593965
4.0185222847801568e-07
3.7398011700029736e-05
-0.00013713772009089974
0.00036724223894976497
-5.372345733797153e-05
-5.3725969003503107e-05
0.00036724108166940109
-0.00013713908373745611
3.7399085654558626e-05
4.0287657451951742e-07
8.9953090801087201e-06
0.00012601102931171902
-0.00015992321800858771
0.00020528395186352323
-0.0001934332675263527
-0.00019343511438597164
0.00020528356673023499
-0.00015992551328285841
0.0001260137213047436
8.9959292076282455e-06
-0.00025234429983531125
-0.00032888682031699404
-0.0004020311531233551
5.4189292692568688e-05
0.00011582341038156642
0.00011582221909194401
5.4188700110316228e-05
-0.00040203185946672442
-0.00032888606674936685
-0.00025234339191662348
0.00032830663537359293
8.1529222747339452e-06
-0.00014807899629408643
-4.2826310278605705e-05
-7.8885868070562942e-05
-7.8886577154094499e-05
-4.2827043546330538e-05
-0.00014808015004292018
8.1506376827717347e-06
0.00032830671308767999
0.00028334530732525948
0.00020798480768249714
0.000163922422447119
0.00019908545226978683
8.7966926717909636e-05
8.7966524958980709e-05
0.00019908553051731437
0.00016392086937704577
0.00020798418688888239
0.00028334505511956013
