1.8952731249507453e-05
-3.3176258286380831e-05
-3.3256230759646947e-05
-5.8704153822374237e-05
-0.00013730497099110378
-0.00013730511746798597
-5.8702673521811587e-05
-3.3255934345501616e-05
-3.3175334065599924e-05
1.8951376411506709e-05
0.17369771449139282
0.17351783560898257
0.17360203966827659
0.17353391305968935
0.17346683906547469
0.17346683720288897
0.17353391156732062
0.17360203906495439
0.17351783569362003
0.173697714206659
0.1981670934431983
0.19805479270932463
0.19803236951971245
0.19802973588561315
0.19796718020826332
0.19796718079842787
0.1980297365778147
0.19803236930330448
0.1980547938538216
0.19816709342677816
0.24398893710997652
0.24389067861344219
0.24382336014183911
0.24377369889759198
0.24394271363870904
0.24394271210181076
0.24377369864367393
0.2438233596963669
0.24389067829453492
0.24398893684653961
0.22156582766257932
0.22144580675794337
0.2214461526171925
0.22120126727151068
0.22150089606195322
0.22150089645864438
0.22120126544001412
0.22144615183312111
0.22144580718708112
0.22156582925693588
-5.3135320764889841e-05
-5.666915683570448e-05
0.00022256218297355323
-0.00024831908402988157
-0.00013872122559904743
-0.00013872072098414522
-0.00024832084945014652
0.00022256064731065208
-5.6668758850823915e-05
-5.313347244854902e-05
-0.0003706455569956085
-2.8360605494894003e-05
0.00018568349764513624
-0.00014255455464990096
-0.00020698119252706681
-0.00020698127732109731
-0.00014255570638487482
0.00018568054610927439
-2.836067815473989e-05
-0.00037064327329547288
-0.00034970224150070731
-0.00041035593120892691
0.00014782982207597653
-0.00025934231300227012
-0.00037862626054708203
-0.00037862720241837837
-0.00025934157814492094
0.00014782778044354931
-0.00041035691730825991
-0.00034969952864548489
-0.00045488391787943891
-0.00010113520023873156
0.00013683085690628026
-0.00011305149772895714
-0.00033660385678163586
-0.00033660455406771034
-0.00011305093529082681
0.00013682943834597306
-0.00010113598182335156
-0.00045488266302134474
-9.5627258482487826e-05
-7.4841189866951992e-05
8.109203181948768e-05
-0.00020401472038843115
-0.00036248698235792545
-0.00036248767856525318
-0.00020401408891173529
8.1091066548565432e-05
-7.4840749884506644e-05
-9.5626741930286436e-05
