0.000000000000000000e+00
0.000000000000000000e+00
0.000000000000000000e+00
0.000000000000000000e+00
0.000000000000000000e+00
0.000000000000000000e+00
0.000000000000000000e+00
0.000000000000000000e+00
0.000000000000000000e+00
0.000000000000000000e+00
1.735537190082645509e-01
1.735537190082645509e-01
1.735537190082645509e-01
1.735537190082645509e-01
1.735537190082645509e-01
1.735537190082645509e-01
1.735537190082645509e-01
1.735537190082645509e-01
1.735537190082645509e-01
1.735537190082645509e-01
1.980396524838495820e-01
1.980396524838495820e-01
1.980396524838495820e-01
1.980396524838495820e-01
1.980396524838495820e-01
1.980396524838495820e-01
1.980396524838495820e-01
1.980396524838495820e-01
1.980396524838495820e-01
1.980396524838495820e-01
2.438563327032136074e-01
2.438563327032136074e-01
2.438563327032136074e-01
2.438563327032136074e-01
2.438563327032136074e-01
2.438563327032136074e-01
2.438563327032136074e-01
2.438563327032136074e-01
2.438563327032136074e-01
2.438563327032136074e-01
2.214532871972316741e-01
2.214532871972316741e-01
2.214532871972316741e-01
2.214532871972316741e-01
2.214532871972316741e-01
2.214532871972316741e-01
2.214532871972316741e-01
2.214532871972316741e-01
2.214532871972316741e-01
2.214532871972316741e-01
0.000000000000000000e+00
0.000000000000000000e+00
0.000000000000000000e+00
0.000000000000000000e+00
0.000000000000000000e+00
0.000000000000000000e+00
0.000000000000000000e+00
0.000000000000000000e+00
0.000000000000000000e+00
0.000000000000000000e+00
0.000000000000000000e+00
0.000000000000000000e+00
0.000000000000000000e+00
0.000000000000000000e+00
0.000000000000000000e+00
0.000000000000000000e+00
0.000000000000000000e+00
0.000000000000000000e+00
0.000000000000000000e+00
0.000000000000000000e+00
0.000000000000000000e+00
0.000000000000000000e+00
0.000000000000000000e+00
0.000000000000000000e+00
0.000000000000000000e+00
0.000000000000000000e+00
0.000000000000000000e+00
0.000000000000000000e+00
0.000000000000000000e+00
0.000000000000000000e+00
0.000000000000000000e+00
0.000000000000000000e+00
0.000000000000000000e+00
0.000000000000000000e+00
0.000000000000000000e+00
0.000000000000000000e+00
0.000000000000000000e+00
0.000000000000000000e+00
0.000000000000000000e+00
0.000000000000000000e+00
0.000000000000000000e+00
0.000000000000000000e+00
0.000000000000000000e+00
0.000000000000000000e+00
0.000000000000000000e+00
0.000000000000000000e+00
0.000000000000000000e+00
0.000000000000000000e+00
0.000000000000000000e+00
0.000000000000000000e+00
