9.6643340833195654e-05
-0.00013748585489245781
3.8189551962053642e-05
9.3046109716840976e-05
-4.4052298869250018e-05
-4.4052018282245608e-05
9.3046188580453516e-05
3.8189168365324608e-05
-0.00013748577429634526
9.6643097655599674e-05
0.17360250289743639
0.17355483946171044
0.17362000725952437
0.17353259742541613
0.17346461982984401
0.17346461745805852
0.17353259521383552
0.17362000713255912
0.17355483732276417
0.17360250312988862
0.19801602427311274
0.1980940772193501
0.19808173688130398
0.19811278144233835
0.19787771921831523
0.1978777153163159
0.19811278112005232
0.19808173411415814
0.19809407541573718
0.19801602468399915
0.2441240752903362
0.24403060720488617
0.24367660286462189
0.24385973778528633
0.24395341263285503
0.24395340724319159
0.24385973721117349
0.24367659829045843
0.24403060437602711
0.24412407518707607
0.22178110536636789
0.22136404249838723
0.2214257143217053
0.22136704863998846
0.22165809937655737
0.22165809512833956
0.22136704932813867
0.22142570976338055
0.22136403964905058
0.22178110610139415
-1.1919338169554532e-05
5.3233693235859738e-05
0.00015414730223920208
2.5937548643722311e-05
-0.0001566360474245787
-0.0001566392250576904
2.5940692152993177e-05
0.00015414330779431012
5.3231505576902323e-05
-1.1918185743202176e-05
-0.00022326627291476109
-0.00017525370640393567
-3.1520220669692314e-05
-7.8010420252516103e-05
-0.00028173714800720708
-0.00028173872464573905
-7.800702082974933e-05
-3.1521789800840341e-05
-0.00017525447547041826
-0.00022326627852108292
-0.00031259080073566794
-0.0002510302413598882
1.8643772918521972e-05
-5.6201785355847276e-05
-0.00026588365598357938
-0.00026588431260212667
-5.6198916038197153e-05
1.8643010271561641e-05
-0.00025102973451204878
-0.00031259053971000614
-0.00053638483129563334
-0.00017639963886508276
0.00018015853400159463
-0.00030944079978155144
-0.00019104167185047898
-0.00019104118311884358
-0.00030943895410358817
0.00018015978135888164
-0.00017639875187345247
-0.00053638573222048586
7.530181249310447e-05
-0.00024238649587502199
-0.00010592279030966346
-2.682418316145339e-05
-0.00050303206951778979
-0.00050303040648783711
-2.6824123405728588e-05
-0.00010592105388576809
-0.00024238760248004057
7.5302931811980988e-05
